.Random.seed <-
c(403L, 11L, 1155556606L, -591597896L, 863096987L, -1773216007L, 
878866504L, -263027850L, -2060773711L, 1759082211L, -1356560974L, 
-1258836476L, -990771897L, 1907458077L, 1842382484L, 274697786L, 
-671727483L, -1559263905L, -1973981722L, 574178416L, 1769248659L, 
1157881905L, 21671648L, -343488642L, 175144457L, 420697659L, 
185870346L, 927569900L, -959669137L, 2117448613L, -1482550436L, 
-503980238L, 1251184173L, 1559381223L, -1695758834L, -182789144L, 
-1479514645L, -1105072503L, 1538801176L, -417598138L, 404759457L, 
1250463283L, -1822465118L, 1173993108L, 1628624151L, 1841361677L, 
192766500L, 1260759562L, -646114443L, 1599387343L, -548480554L, 
-276302464L, 48999875L, -1424733343L, 883167696L, 365840686L, 
1876103385L, -110826773L, 195442522L, -1625788132L, 906156063L, 
781263989L, -1073053428L, -1772761886L, 656829L, -1969565129L, 
-986693410L, 284863512L, -167865477L, 1943462681L, -2079817816L, 
-1630724266L, 734308305L, -2034044029L, -330533358L, -177811036L, 
1490519399L, 1660005053L, 554674740L, 2131980698L, 1748159973L, 
-1686910593L, 2075697414L, -750052720L, -1274918093L, 1946054865L, 
1585357440L, 1452675934L, -1553612631L, -115096741L, 85340522L, 
1864864780L, 275264591L, -944945915L, 282600892L, -454561646L, 
754017165L, 1024086983L, -923850578L, 2128308488L, 2044663563L, 
-391171607L, 2035168952L, 1873559910L, 1753776641L, -1022247789L, 
1855022914L, 1534163188L, -886508297L, 1986448621L, -1066459260L, 
1531064746L, 2017355541L, -1750747729L, 1256398262L, -747199520L, 
-1713853661L, 1662159937L, 217923376L, 1289989454L, -1408471111L, 
-777410101L, -762590598L, 1635893116L, -228782145L, 1131870357L, 
715204268L, 703902850L, 2141140061L, -182314153L, -1967929794L, 
-242824584L, -735749797L, 983177401L, -1287775992L, -2144400458L, 
-707737359L, -1949360349L, -1433335438L, -965133372L, 2070476679L, 
437542237L, 1303933780L, 2025515386L, 1535616197L, 1298159135L, 
920961446L, 691516208L, 1825604051L, 1187686385L, -43237088L, 
-818733122L, 2026254281L, -1443684485L, -652401334L, 974205356L, 
499723439L, -53004699L, 632639004L, 1121149042L, -2009647379L, 
1316158247L, 75528014L, 631160744L, -100160597L, 387459273L, 
618950872L, 1370287494L, 925336673L, -566376973L, 10191970L, 
-2035875116L, 1501922263L, -910353971L, -1458696860L, 973908298L, 
2063839413L, -1619240945L, -940887786L, 1274563520L, 904284035L, 
-1534433887L, -627086960L, -95333778L, -327760871L, -533186389L, 
1611713690L, -1745302436L, 1538840927L, 234203957L, 944271052L, 
-24503262L, 715005565L, -497769609L, -1463436130L, 568904536L, 
1264119483L, -861892519L, -611642392L, -488655338L, 144677265L, 
1617099331L, 1605679442L, 1064971748L, 670610471L, -2531203L, 
2097622388L, 92946778L, -400988251L, 1770342335L, 2066185286L, 
-519820592L, 480711923L, -657100271L, 657048640L, -2131449826L, 
737089257L, 395576347L, 1139428394L, -201150644L, -1820871409L, 
113391685L, -924655108L, 1505538130L, -2102150707L, -9139321L, 
1500773998L, -997347768L, 36702283L, -1432848672L, -1668593972L, 
-2098550624L, -1641994366L, -943995160L, -580604180L, 2121199676L, 
326870642L, 1621447792L, -1812370908L, 387061816L, 1265971226L, 
-929012016L, 156531772L, 354413716L, -41514878L, 604934080L, 
1651956028L, -663357808L, 610410530L, -1437018104L, -1438659444L, 
-2117921764L, 2085071506L, -1600688000L, 174289940L, 320866600L, 
805759546L, 1793094864L, -976948116L, -1234518348L, 987727890L, 
1894705120L, -1893887028L, 544886240L, -1662369246L, -1556579032L, 
-437914356L, -895783364L, 1254629618L, 557543152L, 1287180100L, 
-831226280L, 1692539450L, -763994384L, 937070780L, 157737492L, 
534013122L, 93959264L, -93594244L, -288456496L, -280792030L, 
-889475416L, 1776599948L, -681140804L, -1492939726L, -1385044160L, 
-1048021836L, -1605605560L, 2013133498L, 1531961104L, -367104788L, 
-423668652L, -634826990L, 130828192L, 1460736972L, 1017922400L, 
601560258L, 1436571176L, -150391380L, -504165572L, -51882126L, 
372479792L, -221063644L, -1764445128L, 1773867226L, -1464703600L, 
1733864188L, -613244012L, -1255905470L, -1661170176L, -1273457092L, 
632461904L, 161949346L, -1642659000L, 119960076L, 988571868L, 
-144168366L, -1430876032L, 1905093460L, -195201560L, -1493647622L, 
-1032508592L, -1737319380L, -1290638988L, 5559954L, 1730973280L, 
940205708L, -1033861280L, -760354078L, -734695256L, 882437324L, 
-768966148L, -285405262L, -1990407696L, 2141394372L, 186424152L, 
451866490L, 789415344L, 962586044L, -2004147116L, -776202302L, 
-2116536544L, -553161796L, 1182139984L, 52857314L, -1503574680L, 
706035020L, 2110239996L, -853071118L, 360874752L, 996568692L, 
152204296L, 659311034L, -1668820016L, 248391148L, -1843359852L, 
-132604206L, 93510240L, -131728052L, 1972973856L, 183258754L, 
1298769384L, -422280212L, 1231731260L, -1377974670L, 2028706672L, 
-546205404L, -987860424L, 607353242L, -229814832L, 521915836L, 
-1927179116L, 649263234L, -1763918400L, 2047176508L, -1523916656L, 
2121919266L, 1797966344L, -1181087476L, -745625188L, -548918766L, 
186421120L, 1554205460L, -2095185624L, -89012166L, -444695600L, 
1454665324L, 828658228L, 1763796626L, -953893536L, 1020299596L, 
1346409440L, 2116829602L, -330229336L, 594040460L, -834896452L, 
-317402510L, -66491408L, -731528636L, -356077480L, -20011974L, 
911021168L, 906847292L, -530741996L, -1762489662L, 604223200L, 
880446588L, -344683824L, -2010560094L, 813612072L, -1423792372L, 
1741491644L, -1335507150L, -1715401024L, -1668403148L, -1221521720L, 
1607682234L, -2029935984L, -1932722452L, -1937720748L, -622760302L, 
52596000L, 1431750092L, -472682784L, -1935047486L, 326106152L, 
-1729891412L, -434147652L, 1272551410L, -236594640L, 1226212260L, 
-154088008L, -899641510L, -2109742960L, 232886140L, 1961088276L, 
1725909314L, -822995712L, -1438015044L, -852064944L, -1843736286L, 
-1461505464L, -554204148L, -1354853796L, 1956046290L, -1972503040L, 
-1130104492L, 2060856552L, 822368506L, 1282308816L, 1555742508L, 
1067107572L, -1961255534L, -604638880L, -732753908L, -1955370784L, 
-1671945941L, 835021468L, -840662838L, 1776560575L, -336716535L, 
2090901022L, 1612481484L, -284618339L, 484502567L, 1283052112L, 
2065252078L, -1363052645L, -69204483L, -1567000342L, 861981576L, 
191137073L, 738868643L, -531986012L, -2122888110L, -1744308313L, 
-999488527L, 712161078L, -1839295532L, -643958427L, -1392114321L, 
-452175960L, 1978703110L, -1447779277L, 962921109L, 65696498L, 
-1359545536L, -1988996951L, 97047835L, 624800492L, 949759738L, 
58548015L, -1262739655L, 1289953614L, -1847885924L, -1223447283L, 
1431861111L, -1063373952L, -763385378L, -619065685L, -1556377171L, 
-1864243686L, 1046837464L, -1856535231L, 2056777203L, 838753300L, 
-1143987806L, 795334327L, -1116127103L, -118114170L, -1062138684L, 
628206069L, -1566194593L, 222787256L, -409069674L, -890704477L, 
239415653L, 625424514L, -899812880L, 447350681L, 1321918859L, 
-1191732100L, 1776072362L, -1486245665L, 7558761L, 1597637758L, 
-760050580L, 55086269L, 997033351L, 103096688L, -984787954L, 
-1839011525L, -1556335075L, -1332475190L, -1011595800L, 2069498577L, 
-1404823869L, 289873348L, 1588623986L, -1770085561L, -731833583L, 
-1509308778L, 1280777204L, 1652336005L, -898828081L, -435859000L, 
-1704275866L, 1148569235L, -58960395L, 651683794L, -1752189920L, 
-358095351L, 16858939L, -1259244916L, -633772262L, 2071832975L, 
-2114402599L, -201356946L, -1329048324L, 2122329709L, -706844137L, 
-1132634144L, 1761467326L, -1351288437L, 1694525965L, -1840921030L, 
-1791086984L, 1293796897L, -2112399149L, 1135683572L, 1328377986L, 
-1070143209L, -554033183L, -1584072410L, 2054330404L, 404519637L, 
1567803007L, -2097101032L, 1061045814L, -328492861L, -2062879483L, 
-804029278L, -1634114928L, 1876962873L, 603295467L, 1975095260L, 
1054085642L, -1990413057L, 1097408841L, 1478185694L, 1441087628L, 
1566824541L, 636966503L, 1441286032L, -250377298L, -481775013L, 
-929698243L, -2052575062L, -1063546552L, -1985702543L, -742235421L, 
-381834780L, -1308719854L, -70272793L, 844398257L, 1859101942L, 
